cam0:
  distortion_coeffs: [0, 0, 0, 0]
  intrinsics: [908.7242431640625, 908.2138061523438, 632.0458374023438, 377.9050598144531]
cam1:
  distortion_coeffs: [0, 0, 0, 0]
  intrinsics: [907.030517578125, 906.5573120117188, 644.5807495117188, 370.5155029296875]
cam2:
  distortion_coeffs: [0, 0, 0, 0]
  intrinsics: [906.0799560546875, 905.310791015625, 643.7588500976562, 375.9581604003906]
