cam0:
  cam_overlaps: [1]
  camera_model: pinhole
  distortion_coeffs: [0.10135186076690349, -0.21200646389346048, -0.0006559371615032901, 0.00035327738418178766]
  distortion_model: radtan
  intrinsics: [593.9868553894787, 593.5927903989997, 312.3317210402071, 248.77631726257056]
  resolution: [640, 480]
  rostopic: /camera1/color/image_raw
cam1:
  T_cn_cnm1:
  - [0.8668296646245468, -0.23873402339244743, 0.43773553500001605, 0.11467140655850698]
  - [0.23911536908851355, 0.9694210543399677, 0.05519655485670611, 0.002906434566140816]
  - [-0.4375273394801288, 0.056823282879817825, 0.8974079015309596, 0.00022918070166077237]
  - [0.0, 0.0, 0.0, 1.0]
  cam_overlaps: [0, 2]
  camera_model: pinhole
  distortion_coeffs: [0.12866915479832972, -0.2873120569317678, -0.0007837282404381633, 0.00020215633881241708]
  distortion_model: radtan
  intrinsics: [601.1626052627346, 601.4555933378512, 323.3262273509641, 244.7450669482901]
  resolution: [640, 480]
  rostopic: /camera2/color/image_raw
cam2:
  T_cn_cnm1:
  - [0.8700197277103547, -0.2321011990179766, 0.43496517884677743, 0.11064360736048245]
  - [0.23465058848219456, 0.9708586473395558, 0.04870922100546295, 0.0007220679402232268]
  - [-0.4335951737735918, 0.05968685198950321, 0.8991288589405988, -0.007289873277049964]
  - [0.0, 0.0, 0.0, 1.0]
  cam_overlaps: [1]
  camera_model: pinhole
  distortion_coeffs: [0.120086114892582, -0.26408877116472385, -0.0008602644613517085, 0.0011602456013201357]
  distortion_model: radtan
  intrinsics: [598.4129384445363, 598.3550501277122, 324.7117966636492, 247.38697820046713]
  resolution: [640, 480]
  rostopic: /camera3/color/image_raw
